<?xml version="1.0"?>
<opencv_storage>
<calibration_time>"ven 13 set 2019 11:16:23 CEST"</calibration_time>
<nr_of_frames>12</nr_of_frames>
<image_width>1280</image_width>
<image_height>1080</image_height>
<board_width>9</board_width>
<board_height>6</board_height>
<square_size>25.</square_size>
<fix_aspect_ratio>1.</fix_aspect_ratio>
<!-- flags: +fix_aspectRatio +fix_k3 +fix_k4 +fix_k5 -->
<flags>6274</flags>
<fisheye_model>0</fisheye_model>
<camera_matrix type_id="opencv-matrix">
  <rows>3</rows>
  <cols>3</cols>
  <dt>d</dt>
  <data>
    1.0255845495100421e+03 0. 5.1594120176224942e+02 0.
    1.0255845495100421e+03 5.7598232102506154e+02 0. 0. 1.</data></camera_matrix>
<distortion_coefficients type_id="opencv-matrix">
  <rows>5</rows>
  <cols>1</cols>
  <dt>d</dt>
  <data>
    -1.9370707442514229e-01 3.3635093312012004e-02
    2.2861661938582594e-03 9.0618409492733611e-03 0.</data></distortion_coefficients>
<avg_reprojection_error>2.1510374860705936e+00</avg_reprojection_error>
<per_view_reprojection_errors type_id="opencv-matrix">
  <rows>12</rows>
  <cols>1</cols>
  <dt>f</dt>
  <data>
    4.69602013e+00 4.79129505e+00 5.45681775e-01 6.03668392e-01
    5.31328261e-01 9.00329113e-01 8.82291555e-01 7.47912884e-01
    1.62858343e+00 1.40566123e+00 9.26754057e-01 1.39086056e+00</data></per_view_reprojection_errors>
<!-- a set of 6-tuples (rotation vector + translation vector) for each view -->
<extrinsic_parameters type_id="opencv-matrix">
  <rows>12</rows>
  <cols>6</cols>
  <dt>d</dt>
  <data>
    -1.7644014605614755e-01 -2.2361877189179588e-01
    1.4868445482275823e+00 2.3806884842205855e+02
    -1.2024340263722168e+02 1.9130390635363774e+03
    6.6497646267849064e-01 7.0923231981583446e-01 1.3830734698004845e+00
    5.9726134554598366e+02 -5.9389300223020449e+01
    1.7664864596385166e+03 4.1758338522926830e-01 4.7714224556794310e-01
    1.4433762371565142e+00 2.7105918341898331e+02
    -6.6854713236213058e+01 1.2064412488439093e+03
    4.6042196607529584e-01 4.0942792005977335e-01 1.4652796290391650e+00
    2.5749400363375491e+02 -3.1242019523417122e+02
    1.2192555392878851e+03 -1.2884269662186651e-01
    2.2117330429168630e-01 8.7919586255201831e-01 3.6210224458091204e+02
    -4.6690655945045512e+02 1.3145037552807723e+03
    -1.2579398269031508e-01 2.1837801935096832e-01
    8.7914152118931022e-01 7.1353808068564931e+01
    -1.0227320057800404e+02 4.1313025937240968e+02
    -1.3044137747791176e-01 2.2438556381862690e-01
    8.7851031089979614e-01 1.2094642386503352e+02
    -1.4302191681416937e+02 4.1452130999281366e+02
    -1.2726218078642137e-01 2.2305658867865819e-01
    8.7783257730008168e-01 1.2088663945430000e+02
    -1.0809747685769941e+02 4.3581781861278296e+02
    -9.9334278033971803e-03 -6.1585805464924911e-02
    8.8387010106425234e-01 1.1805486036809287e+02
    -1.1081638908763331e+02 4.0017617152584984e+02
    -1.2353372606465857e-01 -1.1929556474311095e-01
    8.7731951260953589e-01 1.1699963897960343e+02
    -1.1083897673485747e+02 4.0797702826683309e+02
    -1.4614567466680362e-01 -1.4663866233539211e-01
    8.7872249493758303e-01 3.7082991070969236e+01
    -2.0666594841752672e+02 3.9501762551534529e+02
    -1.6685539032122940e-01 -1.7737675535050326e-01
    8.7321810401720934e-01 -4.0841331929085953e+01
    -1.7178810381104674e+02 3.9496496014154127e+02</data></extrinsic_parameters>
<image_points type_id="opencv-matrix">
  <rows>12</rows>
  <cols>54</cols>
  <dt>"2f"</dt>
  <data>
    6.38038757e+02 5.11789703e+02 6.38966431e+02 5.25344910e+02
    6.40552368e+02 5.43505249e+02 6.40576233e+02 5.43658447e+02
    6.42081909e+02 5.65151367e+02 6.42801758e+02 5.78631836e+02
    6.43581604e+02 5.92648621e+02 6.43701599e+02 6.06272888e+02
    6.43535034e+02 6.20317383e+02 6.37789612e+02 5.11798645e+02
    6.38680786e+02 5.25358948e+02 6.40546814e+02 5.43502380e+02
    6.40572327e+02 5.43642639e+02 6.41788208e+02 5.65182373e+02
    6.42637878e+02 5.78647400e+02 6.43327759e+02 5.92657471e+02
    6.43599182e+02 6.06287781e+02 6.43002991e+02 6.20356750e+02
    6.18638550e+02 5.13356995e+02 6.19713257e+02 5.26691162e+02
    6.20822815e+02 5.39426208e+02 6.21652222e+02 5.52934082e+02
    6.22634766e+02 5.66651611e+02 6.23575439e+02 5.80411255e+02
    6.24568665e+02 5.94114807e+02 6.25582886e+02 6.07600952e+02
    6.26436462e+02 6.21537292e+02 6.05419495e+02 5.14093323e+02
    6.06747375e+02 5.35734802e+02 6.06864746e+02 5.36160339e+02
    6.08199280e+02 5.53910339e+02 6.09227051e+02 5.67474609e+02
    6.10331970e+02 5.81217651e+02 6.11113037e+02 5.95141907e+02
    6.11937134e+02 6.08691467e+02 6.13096375e+02 6.22448914e+02
    5.92280273e+02 5.15044189e+02 5.93647522e+02 5.35662170e+02
    5.93639648e+02 5.36111145e+02 5.95064819e+02 5.54964722e+02
    5.96010986e+02 5.68499268e+02 5.96737366e+02 5.82137634e+02
    5.97764465e+02 5.95974670e+02 5.98691101e+02 6.09658691e+02
    5.99656860e+02 6.23564636e+02 5.78951111e+02 5.16159790e+02
    5.79994019e+02 5.37281982e+02 5.80065796e+02 5.37339844e+02
    5.81735168e+02 5.55750610e+02 5.82656677e+02 5.69510437e+02
    5.83530334e+02 5.83121765e+02 5.84523804e+02 5.96923157e+02
    5.85478699e+02 6.10496948e+02 5.86446167e+02 6.24521240e+02
    8.59413025e+02 5.43689819e+02 8.60540649e+02 5.57425415e+02
    8.61933289e+02 5.71340454e+02 8.63082886e+02 5.85348633e+02
    8.64165283e+02 5.99286011e+02 8.65236389e+02 6.12973206e+02
    8.66566772e+02 6.27230591e+02 8.71324036e+02 6.48163757e+02
    8.70455627e+02 6.53555969e+02 8.40258423e+02 5.42595825e+02
    8.41488037e+02 5.59295227e+02 8.42948486e+02 5.72711182e+02
    8.43198364e+02 5.86538086e+02 8.50495850e+02 6.00206299e+02
    8.52100220e+02 6.13976074e+02 8.46656738e+02 6.28350098e+02
    8.53971619e+02 6.42016113e+02 8.63541077e+02 6.54658936e+02
    8.40245422e+02 5.42583191e+02 8.28671265e+02 5.60325012e+02
    8.42685791e+02 5.72750305e+02 8.42879089e+02 5.86567261e+02
    8.31786255e+02 6.01951843e+02 8.32694275e+02 6.15104309e+02
    8.31755249e+02 6.28842224e+02 8.40983643e+02 6.42593872e+02
    8.42322510e+02 6.56387207e+02 8.22029480e+02 5.46076477e+02
    8.21960510e+02 5.60795776e+02 8.22353149e+02 5.74534851e+02
    8.24498047e+02 5.88545410e+02 8.31525391e+02 6.01964600e+02
    8.32521667e+02 6.15112305e+02 8.21176208e+02 6.30444763e+02
    8.22114441e+02 6.43371704e+02 8.20997925e+02 6.57074463e+02
    8.14662781e+02 5.44177612e+02 8.09005432e+02 5.61889709e+02
    8.16659729e+02 5.74937622e+02 8.17828674e+02 5.89015320e+02
    8.18730042e+02 6.02582947e+02 8.13166443e+02 6.16787354e+02
    8.20962280e+02 6.30461792e+02 8.21895752e+02 6.43378235e+02
    8.09646118e+02 6.58975830e+02 8.01807739e+02 5.49160889e+02
    8.02397705e+02 5.62398010e+02 7.97308411e+02 5.76733093e+02
    7.98583191e+02 5.90317444e+02 8.05795166e+02 6.03563721e+02
    8.07417114e+02 6.17038940e+02 8.01846924e+02 6.31528381e+02
    8.10086609e+02 6.45089172e+02 8.09458862e+02 6.58986450e+02
    7.45224060e+02 5.21332458e+02 7.46730591e+02 5.40871338e+02
    7.48461731e+02 5.61715698e+02 7.50028687e+02 5.82857971e+02
    7.51692810e+02 6.03842957e+02 7.53340454e+02 6.24832397e+02
    7.54956360e+02 6.46211060e+02 7.56605042e+02 6.67198853e+02
    7.58278748e+02 6.88509094e+02 7.25669678e+02 5.23234375e+02
    7.27300842e+02 5.42724487e+02 7.28802551e+02 5.63455566e+02
    7.30491455e+02 5.84545532e+02 7.32054993e+02 6.05348083e+02
    7.33645264e+02 6.26262085e+02 7.35310974e+02 6.47357117e+02
    7.36831055e+02 6.68178101e+02 7.38492737e+02 6.89347107e+02
    7.06458984e+02 5.25273621e+02 7.07939941e+02 5.44568604e+02
    7.09568909e+02 5.65102295e+02 7.11066040e+02 5.85995667e+02
    7.12669739e+02 6.06753906e+02 7.14249878e+02 6.27525085e+02
    7.15773315e+02 6.48562866e+02 7.17413879e+02 6.69341736e+02
    7.18909668e+02 6.90423096e+02 6.87335449e+02 5.27136414e+02
    6.88851257e+02 5.46403442e+02 6.90306152e+02 5.66873718e+02
    6.91926758e+02 5.87658447e+02 6.93414429e+02 6.08170105e+02
