arena:
  w: 1.5
  h: 1.
  robot_height: 0.16

camera_calibration:
  # Image resolution
  image_height: 600
  image_width: 800

  # Camera focal lenghts
  fx: 5.5857268185773319e+02
  fy: 5.5857268185773319e+02

  # Optical center expressed in pixels
  cx: 3.4262031636664506e+02
  cy: 2.6793083768460986e+02

  # Distortion coefficients
  k1: -2.0696610573763718e-01
  k2: 1.1056154940118501e-02
  k3: 0.0
  p1: 1.6021069338100883e-02
  p2: 1.7339901402191722e-02


