arena:
  w: 1.5
  h: 1.
  robot_height: 0.16

camera_calibration:
  # Image resolution
  image_height: 1080
  image_width: 1280

  # Camera focal lenghts
  fx: 1.0255845495100421e+03
  fy: 1.0255845495100421e+03

  # Optical center expressed in pixels
  cx: 5.1594120176224942e+02
  cy: 5.7598232102506154e+02

  # Distortion coefficients
  k1: -1.9370707442514229e-01
  k2: 3.3635093312012004e-02
  k3: 0.0
  p1: 2.2861661938582594e-03
  p2: 9.0618409492733611e-03


